0.527543
0.527723
0.528265
0.529166
0.530426
0.532042
0.53401
0.536327
0.538988
0.541988
0.545323
0.548985
0.552968
0.557264
0.561866
0.566766
0.571955
0.577423
0.583163
0.589163
0.595414
0.601905
0.608626
0.615565
0.622713
0.630057
0.637586
0.645288
0.653151
0.661164
0.669315
0.677591
0.68598
0.694469
0.703047
0.711701
0.720418
0.729186
0.737993
0.746827
0.755674
0.764522
0.773359
0.782174
0.790953
0.799685
0.808358
0.81696
0.82548
0.833906
0.842226
0.85043
0.858507
0.866446
0.874237
0.881869
0.889332
0.896618
0.903716
0.910617
0.917313
0.923795
0.930055
0.936086
0.941879
0.947428
0.952726
0.957767
0.962545
0.967054
0.971289
0.975246
0.97892
0.982308
0.985406
0.988211
0.990721
0.992933
0.994845
0.996458
0.997768
0.998778
0.999486
0.999893
1.0
0.999809
0.99932
0.998538
0.997464
0.9961
0.994452
0.992523
0.990316
0.987837
0.985091
0.982082
0.978818
0.975302
0.971543
0.967547
0.96332
0.95887
0.954205
0.949331
0.944257
0.938991
0.933541
0.927916
0.922123
0.916173
0.910074
0.903834
0.897462
0.890968
0.884361
0.877649
0.870841
0.863947
0.856975
0.849934
0.842832
0.835678
0.82848
0.821248
0.813987
0.806707
0.799414
0.792117
0.784821
0.777534
0.770262
0.763012
0.755789
0.748599
0.741446
0.734337
0.727275
0.720264
0.71331
0.706414
0.69958
0.692812
0.686112
0.679482
0.672925
0.666441
0.660034
0.653703
0.647451
0.641277
0.635184
0.62917
0.623238
0.617387
0.611617
0.60593
0.600324
0.5948
0.589359
0.584
0.578725
0.573533
0.568425
0.563401
0.558463
0.553611
0.548847
0.544171
0.539585
0.535091
0.53069
0.526385
0.522178
0.51807
0.514065
0.510165
0.506372
0.50269
0.499122
0.495671
0.492339
0.489129
0.486045
0.48309
0.480266
0.477576
0.475023
0.472609
0.470335
0.468204
0.466218
0.464376
0.46268
0.46113
0.459726
0.458467
0.457352
0.45638
0.455547
0.454852
0.454291
0.45386
0.453556
0.453372
0.453305
0.453348
0.453495
0.45374
0.454076
0.454495
0.454991
0.455554
0.456178
0.456853
0.457573
0.458327
0.459108
0.459907
0.460716
0.461525
0.462328
0.463115
0.463878
0.46461
0.465303
0.465949
0.466541
0.467072
0.467536
0.467926
0.468237
0.468463
0.468599
0.468639
0.468581
0.46842
0.468151
0.467774
0.467284
0.466679
0.465959
0.465121
0.464165
0.463091
0.461899
0.460589
0.459163
0.457622
0.455968
0.454203
0.452331
0.450356
0.44828
0.446107
0.443844
0.441494
0.439064
0.436559
0.433985
0.43135
0.428659
0.425921
0.423143
0.420332
0.417498
0.414648
0.411791
0.408937
0.406092
0.403268
0.400473
0.397715
0.395005
0.392351
0.389763
0.387248
0.384816
0.382475
0.380232
0.378096
0.376074
0.374173
0.372398
0.370755
0.369251
0.367887
0.36667
0.365601
0.364683
0.363917
0.363305
0.362846
0.362538
0.362382
0.362375
0.362513
0.362793
0.363211
0.363761
0.36444
0.36524
0.366156
0.36718
0.368306
0.369527
0.370834
0.372221
0.373679
0.375201
0.376779
0.378404
0.38007
0.381768
0.383491
0.385231
0.386981
0.388735
0.390485
0.392225
0.393948
0.395649
0.397322
0.398962
0.400563
0.40212
0.40363
0.405087
0.406488
0.40783
0.409108
0.41032
0.411463
0.412535
0.413533
0.414455
0.4153
0.416065
0.416751
0.417354
0.417876
0.418314
0.418669
0.41894
0.419126
0.419228
0.419246
0.419181
0.419031
0.418798
0.418483
0.418086
0.417607
0.417047
0.416408
0.415689
0.414892
0.414018
0.413068
0.412042
0.410942
0.409769
0.408523
0.407206
0.405818
0.40436
0.402834
0.40124
0.39958
0.397853
0.396061
0.394205
0.392286
0.390303
0.388259
0.386153
0.383987
0.381761
0.379477
0.377133
0.374732
0.372274
0.36976
0.36719
0.364565
0.361886
0.359154
0.356369
0.353533
0.350646
0.347709
0.344723
0.341689
0.338609
0.335484
0.332315
0.329103
0.325851
0.322558
0.319229
0.315863
0.312464
0.309034
0.305574
0.302087
0.298576
0.295044
0.291493
0.287926
0.284348
0.280761
0.277169
0.273575
0.269985
0.266401
0.262829
0.259273
0.255738
0.252229
0.248751
0.245309
0.24191
0.238558
0.23526
0.232022
0.22885
0.225751
0.22273
0.219794
0.216949
0.214203
0.211561
0.20903
0.206616
0.204325
0.202162
0.200134
0.198244
0.196499
0.194902
0.193457
0.192166
0.191033
0.190059
0.189246
0.188594
0.188102
0.18777
0.187596
0.187578
0.187711
0.187994
0.18842
0.188986
0.189686
0.190514
0.191464
0.192529
0.193702
0.194978
0.196347
0.197805
0.199342
0.200952
0.202628
0.204363
0.206149
0.207981
0.209851
0.211754
0.213682
0.215631
0.217594
0.219566
0.221541
0.223516
0.225484
0.227441
0.229384
0.231307
0.233207
0.235081
0.236925
0.238736
0.240511
0.242247
0.243941
0.245591
0.247195
0.24875
0.250254
0.251706
0.253104
0.254445
0.25573
0.256955
0.258121
0.259226
0.260268
0.261248
0.262163
0.263013
0.263798
0.264517
0.265169
0.265753
0.26627
0.266719
0.267099
0.267411
0.267653
0.267826
0.267931
0.267965
