0.001838
0.001839
0.001840
0.001844
0.001848
0.001854
0.001860
0.001868
0.001878
0.001888
0.001900
0.001913
0.001926
0.001941
0.001957
0.001975
0.001993
0.002012
0.002032
0.002053
0.002074
0.002097
0.002120
0.002145
0.002169
0.002195
0.002221
0.002248
0.002275
0.002303
0.002332
0.002361
0.002390
0.002419
0.002449
0.002479
0.002510
0.002540
0.002571
0.002602
0.002633
0.002663
0.002694
0.002725
0.002756
0.002786
0.002816
0.002846
0.002876
0.002905
0.002934
0.002963
0.002991
0.003019
0.003046
0.003072
0.003098
0.003124
0.003148
0.003172
0.003196
0.003218
0.003240
0.003261
0.003281
0.003301
0.003319
0.003337
0.003353
0.003369
0.003384
0.003398
0.003410
0.003422
0.003433
0.003443
0.003452
0.003459
0.003466
0.003472
0.003476
0.003480
0.003482
0.003483
0.003484
0.003483
0.003481
0.003479
0.003475
0.003470
0.003465
0.003458
0.003450
0.003441
0.003432
0.003421
0.003410
0.003398
0.003385
0.003371
0.003356
0.003341
0.003324
0.003307
0.003290
0.003271
0.003252
0.003233
0.003213
0.003192
0.003171
0.003149
0.003127
0.003104
0.003081
0.003058
0.003034
0.003010
0.002986
0.002961
0.002936
0.002911
0.002886
0.002861
0.002836
0.002810
0.002785
0.002760
0.002734
0.002709
0.002683
0.002658
0.002633
0.002608
0.002583
0.002558
0.002534
0.002509
0.002485
0.002461
0.002437
0.002414
0.002390
0.002367
0.002344
0.002322
0.002299
0.002277
0.002256
0.002234
0.002213
0.002192
0.002171
0.002151
0.002131
0.002111
0.002091
0.002072
0.002053
0.002035
0.002016
0.001998
0.001980
0.001963
0.001946
0.001929
0.001912
0.001896
0.001880
0.001864
0.001849
0.001834
0.001819
0.001805
0.001791
0.001777
0.001764
0.001751
0.001739
0.001727
0.001715
0.001704
0.001693
0.001683
0.001673
0.001664
0.001655
0.001646
0.001639
0.001631
0.001624
0.001618
0.001612
0.001607
0.001602
0.001597
0.001593
0.001590
0.001587
0.001585
0.001583
0.001581
0.001580
0.001579
0.001579
0.001579
0.001580
0.001581
0.001582
0.001583
0.001585
0.001587
0.001589
0.001592
0.001594
0.001597
0.001599
0.001602
0.001605
0.001608
0.001611
0.001613
0.001616
0.001619
0.001621
0.001623
0.001625
0.001627
0.001629
0.001630
0.001631
0.001632
0.001633
0.001633
0.001632
0.001632
0.001631
0.001630
0.001628
0.001626
0.001623
0.001620
0.001617
0.001613
0.001609
0.001605
0.001600
0.001594
0.001589
0.001582
0.001576
0.001569
0.001562
0.001554
0.001546
0.001538
0.001530
0.001521
0.001512
0.001503
0.001493
0.001484
0.001474
0.001464
0.001455
0.001445
0.001435
0.001425
0.001415
0.001405
0.001395
0.001386
0.001376
0.001367
0.001358
0.001349
0.001341
0.001332
0.001325
0.001317
0.001310
0.001304
0.001297
0.001292
0.001286
0.001282
0.001277
0.001274
0.001271
0.001268
0.001266
0.001264
0.001263
0.001262
0.001262
0.001263
0.001264
0.001265
0.001267
0.001270
0.001272
0.001276
0.001279
0.001283
0.001287
0.001292
0.001297
0.001302
0.001307
0.001313
0.001318
0.001324
0.001330
0.001336
0.001342
0.001348
0.001354
0.001360
0.001366
0.001372
0.001378
0.001384
0.001390
0.001396
0.001401
0.001406
0.001411
0.001416
0.001421
0.001425
0.001429
0.001433
0.001437
0.001441
0.001444
0.001447
0.001450
0.001452
0.001454
0.001456
0.001457
0.001459
0.001460
0.001460
0.001461
0.001461
0.001460
0.001460
0.001459
0.001458
0.001457
0.001455
0.001453
0.001451
0.001448
0.001445
0.001442
0.001439
0.001435
0.001432
0.001428
0.001423
0.001419
0.001414
0.001409
0.001403
0.001398
0.001392
0.001386
0.001380
0.001373
0.001367
0.001360
0.001353
0.001345
0.001338
0.001330
0.001322
0.001314
0.001306
0.001297
0.001288
0.001279
0.001270
0.001261
0.001251
0.001242
0.001232
0.001222
0.001211
0.001201
0.001190
0.001180
0.001169
0.001158
0.001147
0.001135
0.001124
0.001112
0.001100
0.001089
0.001077
0.001065
0.001052
0.001040
0.001028
0.001016
0.001003
0.000991
0.000978
0.000966
0.000953
0.000941
0.000928
0.000916
0.000903
0.000891
0.000879
0.000867
0.000855
0.000843
0.000831
0.000820
0.000808
0.000797
0.000786
0.000776
0.000766
0.000756
0.000746
0.000737
0.000728
0.000720
0.000712
0.000704
0.000697
0.000691
0.000685
0.000679
0.000674
0.000669
0.000666
0.000662
0.000659
0.000657
0.000655
0.000654
0.000654
0.000653
0.000654
0.000655
0.000656
0.000658
0.000661
0.000664
0.000667
0.000671
0.000675
0.000679
0.000684
0.000689
0.000694
0.000700
0.000706
0.000712
0.000718
0.000725
0.000731
0.000738
0.000744
0.000751
0.000758
0.000765
0.000772
0.000779
0.000786
0.000792
0.000799
0.000806
0.000812
0.000819
0.000825
0.000832
0.000838
0.000844
0.000850
0.000856
0.000861
0.000867
0.000872
0.000877
0.000882
0.000886
0.000891
0.000895
0.000899
0.000903
0.000907
0.000910
0.000913
0.000916
0.000919
0.000922
0.000924
0.000926
0.000928
0.000929
0.000931
0.000932
0.000932
0.000933
0.000933
0.000934